20640   152   0
15676   173   0
16713   174   0
15852   094   0
18503   138   0
15169   066   0
17551   153   0
13626   103   0
09849   203   0
19348   161   0
14133   104   0
14416   157   0
15936   189   0
14657   138   0
17962   136   0
18898   174   0
12045   145   0
11687   109   0
17126   116   0
12060   115   0
17401   110   0
19818   104   0
11314   148   0
10163   166   0
23863   162   0
11912   087   0
10286   158   0
16602   159   0
03531   173   0
15585   122   0
21699   123   0
14922   097   0
21390   191   0
20020   113   0
15819   107   0
16351   177   0
19931   053   0
17738   176   0
10991   159   0
12391   184   0
18367   202   0
15840   142   0
11674   138   0
16933   095   0
14788   199   0
07835   098   0
13710   174   0
13235   143   0
15778   031   0
21954   127   0
12590   170   0
12187   112   0
15857   141   0
14020   125   0
12376   182   0
12630   116   0
15546   132   0
08992   149   0
04567   166   0
15885   088   0
18617   102   0
18515   181   0
19478   168   0
16680   168   0
18337   151   0
10693   157   0
22835   139   0
13578   139   0
16663   144   0
18808   132   0
17746   182   0
21952   166   0
15342   139   0
22645   132   0
17796   179   0
05448   149   0
16012   106   0
14665   126   0
18634   213   0
14451   148   0
22944   163   0
25830   127   0
18282   142   0
23309   101   0
12676   108   0
24277   167   0
26763   140   0
21780   184   0
14532   187   0
15925   206   0
20143   146   0
24266   207   0
16330   120   0
18973   135   0
14221   141   0
17595   168   0
19884   173   0
12780   123   0
15024   164   0
20441   169   0
16529   116   0
23308   127   0
12949   166   0
14226   140   0
20852   108   0
12779   180   0
13976   157   0
19451   167   0
15110   149   0
24069   188   0
24801   126   0
17370   190   0
18729   164   0
16932   211   0
19393   154   0
21013   108   0
12520   150   0
19905   140   0
18905   144   0
27501   151   0
21633   166   0
18488   173   0
16626   156   0
15255   153   0
14120   129   0
11807   158   0
19682   113   0
20500   143   0
14294   176   0
17613   113   0
10776   108   0
19599   175   0
17131   095   0
22293   177   0
15608   205   0
19420   122   0
18873   125   0
20233   142   0
15769   168   0
14469   147   0
17047   097   0
21294   149   0
19521   165   0
14692   234   0
12425   149   0
17907   172   0
14951   234   0
10133   205   0
21437   186   0
21394   173   0
17120   203   0
18029   138   0
17494   131   0
16733   100   0
16407   151   0
18097   148   0
21160   163   0
20302   109   0
12742   168   0
18139   128   0
17062   201   0
15984   197   0
17563   261   0
10475   235   0
19696   134   0
14672   077   0
18888   101   0
17246   218   0
14725   219   0
13684   208   0
13553   198   0
15297   199   0
10818   203   0
07270   203   0
13006   186   0
12045   263   0
11351   253   0
11120   208   0
05449   247   0
10466   229   0
11130   179   0
11344   126   0
10349   135   0
11262   184   0
13792   256   0
15818   182   0
11556   300   0
09490   159   0
12576   178   0
12139   169   0
08229   262   0
17114   214   0
12507   281   0
14064   183   0
10109   292   0
12492   182   0
10073   199   0
12921   271   0
13493   216   0
19875   266   0
08512   325   0
18109   178   0
19341   265   0
09747   292   0
17323   236   0
23365   233   0
07448   310   0
14675   278   0
06850   278   0
12068   277   0
01728   238   0
07933   257   0
18789   229   0
13657   261   0
10663   255   0
16068   168   0
12723   327   0
06091   234   0
10054   271   0
08873   257   0
15933   296   0
10997   277   0
11448   241   0
18967   297   0
10771   288   0
08831   291   0
12435   293   0
16178   270   0
16656   318   0
14612   249   0
21858   074   0
24113   113   0
21937   065   0
23289   120   0
29964   177   0
26823   092   0
29107   168   0
17148   100   0
28528   127   0
23562   089   0
21354   107   0
30013   111   0
24855   111   0
21391   136   0
32613   059   0
23533   130   0
30971   086   0
25734   111   0
21755   152   0
26488   198   0
2998   153   0
24739   198   0
28864   159   0
28313   181   0
28616   053   0
30192   187   0
34648   088   0
29865   098   0
24218   131   0
23968   137   0
27514   140   0
30038   122   0
30167   102   0
35517   163   0
28770   123   0
32159   126   0
29288   128   0
37975   054   0
28005   147   0
34998   150   0
37823   045   0
33363   107   0
36986   144   0
39372   058   0
41927   060   0
35626   080   0
29306   124   0
36614   181   0
33448   081   0
28676   150   0
37360   096   0
32458   139   0
35507   150   0
38975   166   0
36091   155   0
32697   144   0
33625   100   0
37631   116   0
3282   121   0
31818   125   0
38166   368   1
40042   344   1
37405   357   1
41651   369   1
30385   360   1
37571   356   1
27859   384   1
36831   352   1
39168   378   1
37170   380   1
40233   348   1
36054   395   1
34822   363   1
39613   332   1
42125   372   1
41015   323   1
35451   309   1
45501   349   1
36884   365   1
31397   353   1
37543   375   1
36723   314   1
38057   280   1
43015   330   1
33743   384   1
37368   378   1
34703   315   1
37006   322   1
37249   435   1
37028   312   1
42470   340   1
38303   339   1
30328   404   1
35482   322   1
39480   340   1
41289   426   1
32241   317   1
34912   319   1
40639   372   1
35293   394   1
38359   373   1
40231   326   1
35873   396   1
35969   322   1
41532   318   1
32715   382   1
40637   445   1
39316   373   1
43481   319   1
27794   343   1
37092   316   1
36918   285   1
33857   364   1
31527   330   1
37963   378   1
31979   413   1
44434   371   1
43406   421   1
36401   394   1
37518   369   1
39238   365   1
35990   347   1
31681   332   1
43829   301   1
35848   362   1
33555   391   1
35873   305   1
37352   374   1
36935   363   1
38717   405   1
31731   359   1
38616   450   1
42393   374   1
35268   369   1
35901   350   1
44567   379   1
37124   387   1
40702   391   1
40167   412   1
40067   370   1
30760   418   1
30528   380   1
38339   424   1
35458   394   1
34017   342   1
31768   437   1
35016   343   1
34841   370   1
31569   397   1
27560   375   1
26689   322   1
31206   405   1
28249   390   1
30492   381   1
21882   362   1
30774   373   1
37339   409   1
26270   337   1
34064   284   1
32429   347   1
40448   354   1
34917   300   1
36475   329   1
38762   352   1
30309   379   1
35904   351   1
32917   343   1
39559   330   1
45810   309   1
41072   324   1
34653   319   1
34618   325   1
39585   353   1
32881   324   1
36797   325   1
36153   363   1
33539   293   1
42134   343   1
38186   337   1
29724   287   1
35032   346   1
36656   304   1
41418   320   1
37363   318   1
43335   320   1
40863   278   1
31998   259   1
35598   373   1
39412   265   1
34296   308   1
31297   323   1
38345   301   1
27072   367   1
30349   304   1
34643   415   1
33886   343   1
26413   319   1
30074   394   1
34006   306   1
33011   346   1
34134   335   1
29860   422   1
25078   351   1
34409   324   1
33541   343   1
33330   359   1
36835   350   1
27682   358   1
31832   368   1
32840   312   1
38282   388   1
33527   350   1
36095   413   1
28519   343   1
39309   448   1
31048   315   1
23550   352   1
3538   407   1
34193   387   1
27433   387   1
37788   351   1
30905   390   1
36021   347   1
28777   436   1
34760   376   1
38243   383   1
33687   411   1
31129   350   1
37220   311   1
37067   366   1
37469   399   1
39703   339   1
39524   394   1
30331   324   1
42859   336   1
32188   448   1
32871   316   1
31481   406   1
38589   380   1
35035   316   1
31553   325   1
29632   356   1
30319   384   1
34452   377   1
32066   353   1
32344   321   1
36925   325   1
37197   388   1
30803   377   1
32371   287   1
28254   355   1
26315   384   1
33565   423   1
33741   312   1
33179   344   1
34797   333   1
29081   397   1
29844   364   1
32560   329   1
33323   332   1
25872   371   1
27161   399   1
26740   374   1
29300   309   1
37549   393   1
31690   337   1
31438   314   1
28333   402   1
26430   360   1
31418   344   1
30231   331   1
33970   352   1
33787   324   1
32406   436   1
33075   326   1
27180   402   1
35611   316   1
33435   410   1
35707   384   1
27038   373   1
38064   347   1
28477   353   1
32486   406   1
31235   393   1
31445   295   1
40492   416   1
33563   407   1
29393   362   1
34000   387   1
34419   355   1
28443   372   1
30584   369   1
29690   324   1
26288   389   1
33046   334   1
39465   338   1
36041   337   1
35984   273   1
37735   387   1
26826   414   1
34686   289   1
30371   370   1
33148   382   1
32575   294   1
34986   380   1
32775   373   1
24919   355   1
25762   336   1
34085   315   1
31766   387   1
30006   326   1
35818   400   1
25703   319   1
33803   399   1
34359   364   1
27366   265   1
29503   369   1
24900   335   1
22915   305   1
26904   323   1
29245   319   1
24903   349   1
30528   341   1
21821   351   1
31199   374   1
27674   285   1
29461   401   1
23888   392   1
29037   376   1
26367   389   1
24223   343   1
18218   377   1
26960   429   1
31271   355   1
20499   354   1
26686   406   1
32723   387   1
22620   406   1
22693   384   1
23718   412   1
16884   436   1
23140   305   1
16048   299   1
22802   403   1
14529   367   1
22935   353   1
17079   405   1
19005   375   1
27273   385   1
16027   421   1
22924   336   1
25051   390   1
23206   406   1
14152   383   1
15599   354   1
22112   392   1
27673   396   1
19787   405   1
16527   325   1
22318   400   1
19311   458   1
19505   427   1
26850   348   1
14432   415   1
14388   350   1
15521   293   1
18643   461   1
18127   379   1
17847   353   1
22127   398   1
09977   366   1
10980   411   1
12868   420   1
09330   375   1
14302   428   1
10136   433   1
06195   444   1
06910   359   1
13272   469   1
06952   395   1
46714   271   1
39922   334   1
36760   332   1
45912   289   1
36017   444   1
34961   365   1
35694   303   1
44203   359   1
40133   338   1
395   312   1
38232   319   1
40402   258   1
43538   274   1
46278   286   1
38142   348   1
40294   299   1
41807   364   1
40290   319   1
49939   230   1
48189   382   1
41436   333   1
44344   343   1
36018   266   1
43691   237   1
37807   275   1
40258   269   1
46487   292   1
38519   367   1
40336   267   1
33773   317   1
46788   243   1
42018   218   1
51459   248   1
53753   184   1
41922   285   1
43363   240   1
44791   292   1
39953   254   1
37413   254   1
44916   313   1
34847   274   1
44416   261   1
40526   241   1
42029   302   1
3646   296   1
36509   283   1
43151   274   1
37290   249   1
45172   252   1
44776   314   1
39808   261   1
43988   250   1
37866   291   1
43118   282   1
44961   295   1
40126   272   1
40757   276   1
39155   262   1
43724   270   1
46977   225   1
45357   264   1
34155   274   1
39185   273   1
43248   313   1
39311   244   1
41220   251   1
38630   261   1
51782   223   1
44828   218   1
36622   254   1
46678   283   1
39199   162   1
38348   138   1
49730   298   1
44450   213   1
44380   310   1
41068   257   1
44906   258   1
46665   332   1
44221   300   1
41631   179   1
47174   274   1
52255   272   1
41206   236   1
43701   296   1
45981   216   1
43643   227   1
42208   289   1
37172   237   1
43509   211   1
42360   207   1
40748   271   1
38948   234   1
47116   255   1
45350   187   1
46200   327   1
44662   241   1
42724   243   1
42385   238   1
44637   304   1
36781   257   1
40383   250   1
41555   269   1
38564   221   1
36462   269   1
36385   188   1
40814   218   1
41315   224   1
41362   268   1
33720   191   1
39754   280   1
43512   238   1
43294   186   1
43311   215   1
34476   207   1
31784   265   1
37861   186   1
40215   197   1
38045   202   1
35456   236   1
34268   310   1
30108   225   1
32100   315   1
29747   273   1
32062   290   1
36824   238   1
31155   307   1
24683   259   1
31561   299   1
30533   263   1
37795   285   1
31003   249   1
34312   319   1
39126   302   1
29072   285   1
35531   294   1
26997   337   1
35793   309   1
25360   268   1
30860   247   1
37833   257   1
34808   343   1
28670   316   1
33003   277   1
28808   277   1
31392   331   1
30393   350   1
28580   253   1
34614   236   1
35238   308   1
33501   356   1
41905   340   1
32688   302   1
37714   327   1
38179   309   1
33950   310   1
34823   293   1
33924   337   1
39869   361   1
33514   303   1
33586   322   1
30094   295   1
31747   353   1
31596   261   1
31547   270   1
35098   317   1
32184   381   1
41145   330   1
33181   356   1
33743   341   1
24738   357   1
30611   352   1
19032   391   1
25670   327   1
20635   391   1
25296   352   1
23696   327   1
31237   375   1
31207   303   1
22880   390   1
24165   313   1
30139   399   1
26162   404   1
29777   469   1
29839   435   1
21808   340   1
24235   369   1
27130   357   1
28584   416   1
15466   370   1
25819   396   1
30044   352   1
28314   497   1
21682   384   1
31384   500   1
24681   408   1
27899   392   1
20740   369   1
22794   361   1
21131   390   1
27114   371   1
20071   344   1
29555   371   1
20244   399   1
19881   392   1
29609   467   1
25107   393   1
31555   415   1
32968   359   1
30314   452   1
27460   380   1
25876   457   1
34572   398   1
34137   319   1
25827   382   1
23827   447   1
28190   393   1
3318   413   1
26801   407   1
28401   373   1
42757   196   1
47020   226   1
44811   187   1
38463   136   1
47365   167   1
43431   131   1
44718   232   1
38232   210   1
52365   255   1
41036   137   1
51761   157   1
46464   138   1
42809   228   1
43156   205   1
42987   169   1
44698   167   1
36320   215   1
44925   202   1
46226   166   1
44233   244   1
38580   143   1
42272   181   1
44600   117   1
45678   190   1
47960   219   1
39892   189   1
41673   195   1
47777   215   1
45928   113   1
43353   168   1
47422   098   1
44073   069   1
53907   149   1
54971   056   1
46774   154   1
44845   163   1
48819   163   1
46254   108   1
46532   095   1
49966   125   1
05039   365   0
13709   355   0
01745   363   0
06627   340   0
16030   250   0
17432   261   0
04208   325   0
09842   375   0
10934   377   0
03945   301   0
12021   263   0
14231   408   0
13604   303   0
08952   341   0
11535   300   0
15170   344   0
13390   279   0
13099   358   0
11102   326   0
06738   369   0
09443   373   0
14846   357   0
09147   280   0
20628   344   0
12829   329   0
13497   304   0
15791   377   0
13867   333   0
11356   354   0
18076   401   0
10271   393   0
12089   378   0
14765   405   0
18436   349   0
18553   391   0
11705   356   0
11531   319   0
13718   388   0
12975   310   0
14982   329   0
08631   357   0
18287   338   0
10207   370   0
12761   383   0
11203   446   0
15458   413   0
10599   423   0
11977   352   0
12619   343   0
08477   319   0
16016   332   0
11699   356   0
10005   370   0
12299   347   0
16923   369   0
09325   343   0
11664   337   0
13367   364   0
20386   313   0
18757   357   0
16283   323   0
20603   259   0
12448   202   0
16625   303   0
14663   222   0
18362   258   0
16803   335   0
16970   336   0
18226   237   0
13044   316   0
12174   280   0
12628   299   0
13589   216   0
14448   341   0
15087   286   0
11075   221   0
18614   271   0
12926   311   0
19730   308   0
16608   298   0
10354   222   0
19558   232   0
10332   245   0
16331   205   0
12350   209   0
15310   293   0
14265   189   0
18413   243   0
16389   277   0
17354   187   0
14117   241   0
14918   186   0
25614   211   0
20284   230   0
11950   222   0
12306   272   0
16251   205   0
16831   254   0
14459   216   0
12992   191   0
24615   273   0
09136   241   0
09927   271   0
24115   167   0
15885   194   0
18993   223   0
15468   201   0
16104   229   0
17777   212   0
20557   176   0
09825   152   0
06763   099   0
15912   129   0
11434   071   0
13264   156   0
14860   120   0
06434   105   0
12009   086   0
11675   106   0
11013   116   0
06953   139   0
13068   076   0
10995   148   0
15988   082   0
10917   099   0
11694   146   0
11358   078   0
08994   132   0
13930   127   0
12241   173   0
16040   084   0
12968   132   0
14505   062   0
16076   109   0
13485   138   0
11262   111   0
02641   087   0
16044   155   0
20478   064   0
18176   039   0
06240   099   0
16808   125   0
1357   120   0
18582   056   0
16766   044   0
13450   130   0
19302   110   0
19047   141   0
13024   121   0
11932   093   0
16671   094   0
14511   065   0
01142   132   0
23923   111   0
16837   091   0
19700   063   0
23106   120   0
14638   166   0
16338   073   0
20599   096   0
18473   111   0
22642   080   0
22008   096   0
15191   065   0
14827   096   0
12043   122   0
15463   195   0
17915   138   0
11111   144   0
10097   098   0
20016   115   0
17636   124   0
18851   016   0
17503   096   0
23433   116   0
21814   115   0
18038   134   0
23061   139   0
24328   160   0
25906   139   0
12291   113   0
19962   074   0
19358   138   0
18800   080   0
10673   128   0
14198   114   0
22675   077   0
20204   116   0
23405   137   0
17643   105   0
22931   097   0
17545   165   0
19135   118   0
23395   031   0
21920   151   0
25859   097   0
22342   079   0
26997   133   0
22902   156   0
23924   092   0
26191   106   0
16492   159   0
15605   164   0
23931   085   0
25702   094   0
23797   091   0
16119   108   0
19495   087   0
19990   084   0
27291   136   0
22374   095   0
17121   157   0
20395   138   0
21234   215   0
19834   147   0
31086   031   0
20446   100   0
26746   095   0
23198   106   0
24263   150   0
22653   074   0
24418   115   0
22283   203   0
25649   125   0
25268   099   0
24446   108   0
28560   099   0
22099   137   0
20307   131   0
19205   189   0
25084   101   0
25204   065   0
22774   131   0
21492   144   0
24113   059   0
25442   142   0
22068   158   0
23507   111   0
21119   133   0
27761   146   0
23003   073   0
29686   169   0
18845   121   0
28406   101   0
27198   215   0
24430   115   0
26208   118   0
27424   078   0
27042   160   0
23989   082   0
25856   108   0
33162   121   0
30668   096   0
18878   087   0
27090   192   0
21418   156   0
25208   134   0
31049   070   0
20526   144   0
32771   094   0
25333   238   0
27881   171   0
28963   055   0
27129   176   0
25188   081   0
32085   161   0
27995   114   0
29017   057   0
36205   077   0
24348   108   0
29245   116   0
26179   135   0
26277   068   0
30008   085   0
29991   095   0
25009   128   0
32920   100   0
22348   094   0
30198   148   0
24305   126   0
30091   092   0
31121   086   0
30124   058   0
34368   135   0
27022   087   0
24676   136   0
32479   113   0
25167   107   0
32659   099   0
29721   105   0
34527   092   0
31571   094   0
27060   132   0
18603   126   0
31150   133   0
29791   166   0
38364   010   0
31622   110   0
36708   165   0
28861   123   0
32854   090   0
30220   180   0
29120   105   0
32258   076   0
31488   168   0
33785   190   0
38397   129   0
27761   120   0
23424   117   0
24774   160   0
32894   192   0
27547   144   0
35219   107   0
24590   083   0
30558   104   0
33564   224   0
33207   090   0
30233   079   0
27560   021   0
38604   038   0
36499   103   0
32103   108   0
30355   130   0
31819   142   0
27068   115   0
36162   117   0
26979   114   0
30158   084   0
32541   096   0
34609   135   0
36934   058   0
33575   097   0
31559   140   0
25615   139   0
32727   146   0
35748   050   0
28710   128   0
32638   098   0
24075   125   0
36471   086   0
